Totem: 0
0 : 0 0.0355 0.9725 0 0 0.7071068 0.7071068 1 1 -1
1 : 0.0248 0.108 0.9832 0.9238796 0 0.3826834 0 1 -1 1
2 : -0.0248 0.108 0.9832 0.9238796 0 -0.3826832 0 1 -1 1
3 : 0 0.1755 0.9725 0 0 1 0 1 1 -1
4 : 0.0248 0.248 0.9832 -0.3826834 0 0.9238796 0 1 1 -1
5 : -0.0248 0.248 0.9832 0 0.3826834 0 0.9238796 1 1 -1
6 : 0.0355 0.1755 1.008 0 0.7071068 0 0.7071068 -1 1 1
7 : -0.0355 0.1755 1.008 0 0.7071068 0 0.7071068 1 1 -1
8 : 0.0355 0.0355 1.008 0 0.7071068 0 0.7071068 1 -1 1
9 : -0.0355 0.0355 1.008 0 0.7071068 0 0.7071068 1 1 -1

